668.347
1054.192
783.863
1203.688
755.680
578.367
1057.292
915.515
860.867
717.990
771.784


965.290
980.510
547.551
9943.952
629.543
670.115
880.175
607.990
626.375
654.316
1167.154


1277.816
891.021
1376.000
785.505
698.052
763.878
1045.979
737.320
677.969
737.063
740.719


773.286
704.107
913.500
958.206
914.357
1177.000
680.125
652.681
1221.163
1087.888
948.776


825.805
639.062
668.495
839.847
1127.695
738.832
884.887
834.729
1000.216
861.639
880.217


928.802
924.632
678.226
616.980
895.458
640.794
903.131
1230.292
606.495
1069.546
2172.829


1112.706
1181.606
1074.816
1075.897
1059.041
770.105
1123.095
641.792
964.474
1104.302
948.460


1325.118
993.702
863.510
854.170
1107.144
717.102
635.510
751.833
751.392
893.948
633.293


1243.615
1032.608
624.812
787.847
680.884
1031.061
733.656
677.247
708.480
964.708
562.421


980.478
1106.041
952.111
1008.943
1163.896
922.232
737.037
920.041
1016.784
970.490
1118.970


742.418
1050.876
916.247
714.691
728.388
889.695
705.104
834.980
1485.947
955.265
843.158


995.489
1227.021
1338.660
866.633
734.061
719.392
725.918
843.188
1084.484
2878.269
2223.568


903.161
631.302
1217.526
2229.629
836.714
992.333
849.320
741.194
997.802
1086.552
671.409


1431.659
636.495
1020.438
1094.536
887.021
738.082
723.495
792.480
812.042
768.633
652.568


1055.143
1240.646
2521.598
1086.758
806.052
938.958
1562.495
920.598
803.701
769.167
720.098


2078.538
810.200
1223.330
762.021
882.083
735.527
1065.408
2594.747
1852.045
709.938
1062.316


1510.456
952.906
971.792
1297.814
1316.464
1039.112
740.663
2127.840
935.867
1035.856
939.231


1871.789
1334.663
822.784
1505.438
874.041
892.041
953.594
813.694
1180.323
1046.412
1280.944


1675.367
1608.385
907.188
898.927
2336.091
1148.105
1045.309
881.660
1060.948
1210.083
1477.808


1422.634
2244.853
1164.917
1068.865
3128.967
1500.344
1189.990
1095.396
1152.652
1100.052
1559.941


885.717
1112.990
1456.600
1031.860
874.970
1245.093
859.020
1361.917
1134.000
1047.265
848.356


1344.022
1251.897
1180.082
1317.979
1966.598
1057.928
956.915
1104.344
750.155
851.427
847.488


847.856
1480.781
1141.073
1259.253
1112.156
804.643
1350.582
1142.229
1279.124
1050.436
945.745


1093.844
2538.312
2219.474
2438.542
1083.196
864.979
989.229
1425.474
1468.632
1194.948
739.545


1401.681
2127.732
1360.596
1488.897
1447.175
1179.606
861.677
993.816
1059.052
1272.103
978.571


1088.979
764.094
1223.653
1407.064
1033.722
790.186
1288.600
1369.454
1206.939
807.990
842.760


865.784
850.592
1366.125
977.949
938.729
1146.677
917.979
1238.165
947.206
1151.719
791.800


1212.527
1052.490
2431.691
967.505
1555.827
1634.000
1208.433
912.649
1061.979
1261.124
872.806


1774.663
1500.186
1623.266
1220.063
820.865
1276.660
1506.874
1625.744
1015.536
1304.891
1235.565


2106.273
1939.950
2311.167
1100.041
1222.827
937.567
869.052
1542.852
971.608
1517.562
1016.870


1349.088
1152.726
2119.604
1001.041
952.052
960.579
912.184
1756.740
1060.947
1777.010
1096.273


890.379
1094.531
1301.206
1329.137
1350.042
1119.031
1123.350
1240.364
1647.656
1120.020
996.529


1753.538
1276.000
862.571
1070.175
1518.406
887.557
978.632
807.062
1080.274
815.041
953.714


1752.242
1688.650
1387.926
1401.074
1329.330
1245.656
1032.474
1004.041
1668.947
1085.618
982.000


2182.387
1709.732
1163.760
1057.677
1107.385
1109.326
1091.968
840.237
2839.095
3546.739
1607.875


1352.473
1093.122
985.863
1126.459
1188.192
1274.765
913.411
1231.010
826.134
748.542
989.465


2156.242
945.792
1258.866
1143.083
1183.915
1315.704
997.562
1603.147
1123.875
1018.021
745.667


1499.322
1299.542
759.112
1584.541
1285.947
859.516
1312.316
982.371
1299.074
1470.835
1139.955


1471.156
1195.124
845.750
1000.459
852.083
1089.863
5701.236
6751.865
1027.177
1609.542
2484.723


1030.879
1171.670
1443.156
1174.589
938.711
971.138
1216.092
2277.681
1631.684
1351.615
1006.318


1219.362
1669.588
1196.779
910.608
1114.629
905.143
1681.926
977.537
1403.552
991.990
1363.690


1240.281
1059.316
964.170
1278.454
2774.814
1223.577
1144.844
878.760
1331.928
1138.312
1060.349


1192.407
1415.551
1251.588
3874.989
2100.948
1136.811
1498.303
824.337
1188.084
1068.906
1190.932


1311.270
1962.563
1305.074
2692.094
1041.302
1084.214
1072.598
1264.582
973.229
2100.146
1416.078


927.011
1013.837
1295.062
2243.897
1135.895
1588.568
1090.562
1205.552
947.226
1534.143
1214.935


1224.283
1766.895
1866.542
926.062
1276.286
1124.175
1400.392
1208.646
938.958
1337.684
1210.061


3036.100
4599.742
1263.750
2077.484
929.526
1202.250
1279.358
1510.948
1384.305
1143.289
1320.442


1269.191
1283.804
1051.031
1278.083
857.582
1335.979
1196.688
1328.948
1118.802
1264.074
1122.489


1539.935
1256.396
1648.365
1454.896
1086.867
1506.948
1332.453
2265.379
1035.907
1000.237
1853.825


2180.924
1364.134
1016.258
1662.831
1049.281
2196.021
1277.083
1231.062
986.208
949.763
1697.587


