1209.802
992.010
1048.040
1232.907
591.583
552.155
672.919
586.454
758.381
703.887
690.941


1226.495
838.557
795.125
1105.688
676.732
928.196
674.156
867.327
773.846
910.576
936.467


1846.826
2478.442
1234.232
711.673
953.196
1166.692
796.573
839.705
636.573
663.625
922.082


765.215
873.989
796.500
883.173
762.227
834.884
995.758
827.354
777.000
906.299
1324.105


1115.582
1246.095
1230.906
905.133
1029.188
865.102
1130.388
926.447
1040.474
879.740
632.905


1366.604
917.402
860.726
751.260
810.670
880.959
858.000
908.134
814.588
955.063
1133.951


1077.000
1276.242
3056.417
1132.211
1004.485
966.907
1124.783
799.094
917.732
715.844
734.372


1238.956
1244.701
1069.526
964.274
1084.302
965.916
916.474
1127.459
1699.137
1350.454
1607.209


1360.761
1647.821
1349.740
961.747
1217.358
1153.773
2151.424
1267.526
1494.740
1381.777
1187.200


1676.278
1065.516
1509.134
1407.426
1157.042
1131.939
1050.926
1104.958
1032.062
1273.558
1219.370


1096.562
1541.990
8718.745
1601.062
1768.128
1238.688
1334.031
912.542
1488.423
1603.094
1376.688


1032.957
1371.375
963.760
1741.928
1196.177
1438.832
3631.923
3307.606
1368.344
814.663
1124.865


1743.233
1802.531
1866.227
1495.085
1102.710
1424.646
1074.309
1131.412
1205.095
1219.537
1970.553


1500.067
1546.577
3580.568
1094.979
2616.381
1983.701
1962.418
6357.304
2625.725
1687.286
1667.885


1823.121
1944.438
1952.354
1857.938
2184.790
1479.698
1823.740
1143.219
1242.305
1691.198
1772.109


