1086.832
899.167
972.206
727.670
613.510
1675.865
1837.958
579.347
572.724
530.908
441.613


1078.795
1047.371
673.122
1072.396
984.979
824.156
815.694
840.289
801.732
753.853
654.381


759.120
1384.792
1389.448
755.408
857.938
1182.587
1020.223
744.155
876.727
667.866
1076.095


1341.023
1404.531
1249.258
736.695
1038.134
1207.583
840.474
1010.409
1421.720
942.979
1388.151


1042.389
1024.165
2443.396
1761.896
2414.990
1058.158
797.938
1366.337
1003.105
1005.306
857.457


22772.844
1210.411
1165.418
1537.396
1682.448
1983.796
1189.701
1250.677
1039.449
1332.284
2221.927


2224.425
2193.745
1274.223
1360.935
1374.326
2103.042
1280.075
2030.083
1134.567
1367.041
2030.571


1698.809
2050.188
1829.202
2730.916
1642.959
1601.173
1234.521
1297.229
1059.531
2048.691
1046.210


3826.885
9158.839
1694.084
1416.385
1970.117
2858.908
2216.448
2248.359
2872.625
1378.041
1790.786


3816.674
1947.633
2039.396
2935.379
2925.594
1562.490
2348.490
2376.760
3118.577
2736.287
2928.956


2494.671
3733.479
3363.155
2196.240
2442.705
2318.766
2300.231
3562.579
2176.928
1830.093
2112.692


1728.315
1649.969
2677.312
2162.479
1559.347
1322.929
1572.856
1625.537
2792.948
2323.402
1127.310


3474.635
2756.526
3811.663
2231.261
1673.196
2154.412
2287.156
2729.537
3454.723
2824.309
2289.239


3873.622
3559.260
2667.907
2651.485
3088.370
2930.630
1982.543
2495.792
2387.688
3932.723
2073.979


5361.988
4681.416
2831.281
2320.837
3788.609
3119.271
4039.737
3173.158
4459.126
6539.758
1729.118


2566.227
3826.904
9105.154
4165.042
3170.551
5206.812
4561.094
5212.792
4963.417
8377.663
19244.162


5493.978
3857.594
10262.301
4482.583
3671.083
4204.828
4366.653
4410.656
3490.202
3498.505
5412.218


5659.978
8426.887
5249.728
5690.825
6659.242
3658.021
4898.032
11525.512
5122.083
9981.494
11716.782


9216.989
4997.883
5980.853
8125.579
4702.105
5980.344
12570.892
6749.867
5619.695
5867.609
12666.141


14218.077
7888.448
8023.121
8325.670
5323.969
15680.570
37820.938
5477.705
9339.011
7029.548
5288.846


5946.761
8955.472
15135.179
7149.402
7324.596
11084.158
10143.619
6520.323
6443.713
6577.813
6776.338


6068.920
9544.837
9888.656
10083.206
9046.208
14771.711
10385.872
5646.660
5933.291
10994.372
10418.264


9391.500
5999.438
5952.448
7716.383
7923.532
8177.135
7048.075
6696.000
6211.989
5407.925
18750.857


8430.659
15595.823
8478.585
9071.000
8389.796
9628.085
7330.280
37732.098
11452.978
19579.188
7279.200


5604.641
6570.695
8943.677
8398.670
8057.653
7702.413
14084.808
18975.707
10646.202
6035.826
18560.484
6778.444


10262.059
7345.079
8482.677
6450.398
7017.674
8584.387
7107.021
29273.746
19138.477
11313.242
7896.120
6655.857


8305.704
13830.731
8294.771
7362.922
10388.846
9489.458
7953.392
5656.833
10794.616
9100.256
14167.421
7858.833


10071.867
9312.663
12712.341
9340.122
10891.842
7648.236
17098.328
8740.250
8112.265
8792.821
9348.064


6513.723
6678.585
13546.227
8638.448
12665.670
8974.104
7155.667
6842.568
9628.091
9823.134
16980.865


78216.000
120876.344
51896.387
76909.203
31201.932
126259.414
77664.477
60709.199
19834.473
36316.930
17563.965


