1544.295
1127.378
1506.264
1466.187
698.204
944.684
954.357
802.875
1209.443
720.562
1540.485


855.250
1143.474
1145.593
630.333
990.442
601.296
674.763
1094.650
632.859
671.031
2730.327


1182.154
872.814
1073.031
700.357
865.763
1066.745
730.722
724.884
881.694
612.000
1066.361


608.670
1025.959
1093.124
758.722
832.990
806.526
736.082
1020.567
807.082
853.381
1019.676


1503.457
888.260
1165.916
817.073
581.537
931.625
732.551
1025.619
738.102
596.378
687.692


831.773
948.917
1084.788
911.010
1038.698
864.347
681.827
1439.333
2294.541
1463.143
766.405


2243.367
822.061
705.677
699.371
651.763
864.464
661.742
691.052
1055.546
796.842
687.205


958.032
673.969
1090.163
712.745
734.726
650.082
725.568
764.412
767.896
769.606
1155.947


799.613
797.427
773.660
1001.188
1166.268
656.958
781.247
916.958
811.371
681.558
595.100


1269.934
1237.041
970.340
1322.245
715.794
821.935
784.771
3612.439
914.289
1154.113
1050.152


1288.374
844.423
1222.689
1161.670
1205.968
1049.337
715.876
1134.660
715.392
1079.247
948.286


748.326
665.412
1055.650
776.105
953.547
832.299
1028.526
803.786
1160.785
982.926
870.900


818.043
1020.402
1376.474
1021.949
684.074
889.458
945.103
831.337
867.480
667.299
1811.103


1314.216
779.312
1486.438
1175.436
938.771
3344.816
1470.454
765.177
724.702
1371.219
1193.651


1024.989
915.084
684.041
767.908
770.796
731.443
729.341
724.929
1164.990
705.237
655.286


703.921
1296.104
967.867
1019.546
704.949
1336.887
967.082
1008.255
765.740
1045.596
1359.971


1500.413
704.825
1236.694
2143.874
1379.330
914.389
972.206
787.032
1353.381
904.768
670.564


871.976
772.083
1369.316
2849.906
2201.484
1005.760
1233.327
1113.527
1077.711
841.312
920.800


1431.347
826.928
1517.716
1573.258
858.704
1065.208
942.561
884.237
782.742
707.480
778.019


1915.956
965.344
972.621
884.474
925.072
840.163
712.207
734.449
765.776
612.351
571.809


2067.071
1966.068
2809.812
1713.896
2227.000
2132.460
1910.731
1799.170
2309.042
2068.266
1584.514
2177.391
1103.120


3493.084
2267.355
2430.349
2322.062
2506.955
4065.734
2089.293
2012.000
1885.821
1642.000
1939.930
1887.729


2251.812
1983.905
2556.129
2523.550
2064.875
3002.615
2403.174
1933.699
1873.468
1699.151
1784.237
1707.351


1527.953
1627.194
1591.830
2046.198
926.475
1775.706
705.589
4320.849
564.845
1918.571
1179.534


1663.424
1065.500
1034.124
1086.409
1866.618
1043.760
797.333
1768.287
742.333
1115.825
1031.063


1052.935
1027.152
1752.436
1164.219
1038.457
1395.244
793.887
834.112
825.208
846.835
1015.500


1034.804
1250.073
881.917
1096.116
909.485
806.216
723.917
965.593
859.927
1093.802
917.151


778.582
874.557
711.847
1043.947
1302.927
839.806
1118.289
1196.217
1343.653
1181.825
1126.225


2162.535
981.947
1529.639
1009.115
1255.896
905.702
768.760
784.639
1299.937
2670.031
1980.132


2021.489
1143.153
951.643
1124.734
1513.885
1412.072
1036.155
1808.146
963.812
906.948
1200.182


1659.489
1164.774
951.143
924.347
1158.691
778.224
804.010
1100.522
1189.980
1160.615
905.114


1219.656
1536.928
950.906
1703.284
1367.635
910.344
1075.816
1232.874
949.165
842.137
854.000


1261.413
1201.245
811.825
928.094
1238.957
1352.124
2201.832
1854.906
829.340
921.052
631.195


1226.340
1415.232
1008.292
1084.521
1446.125
19016.406
897.681
1711.862
1110.598
989.927
933.310


1656.593
1153.947
1314.979
1196.500
846.958
833.673
992.875
978.522
1088.694
1312.897
704.898


1671.719
923.691
1944.031
1045.990
836.844
896.835
984.957
803.340
1101.938
1103.708
1670.917


1045.089
899.844
1400.760
1524.021
5180.189
1420.265
1294.789
1047.783
1384.155
992.396
1147.409


1485.685
1255.583
1416.989
1655.299
745.156
1130.031
1266.526
1536.408
1074.698
1584.281
1535.674


1323.781
1839.766
800.258
1381.798
1515.844
1435.233
912.389
1342.495
1003.792
1099.258
876.014


2250.607
1242.495
1335.344
1300.175
1085.347
2300.232
2264.649
792.844
1383.041
937.375
1636.064


1856.000
3775.804
1708.897
1521.396
1525.512
1607.160
975.896
1258.702
1046.933
1022.929
1476.440


1439.815
1833.198
1930.747
1343.031
1085.642
1765.505
958.232
1476.442
1417.295
1421.250
2035.042


1017.065
1720.763
1582.833
1182.899
1479.968
866.918
1240.189
2229.490
1573.745
1258.796
1489.787


1227.165
1692.302
973.439
1448.980
1640.095
1283.124
1019.330
931.155
1917.400
1358.072
1329.154


1241.919
932.429
853.031
1298.358
1623.167
1194.146
1872.439
1492.221
1014.323
1259.175
1104.304


1597.484
1306.802
1701.938
953.980
1302.115
1431.927
924.495
1090.177
2976.233
1552.418
1037.529


2058.750
977.365
1440.042
1553.453
2148.874
1111.551
1303.365
1423.867
995.073
1506.124
980.244


1314.824
1276.319
1219.168
1998.344
1904.412
1339.458
1602.189
1556.842
1062.968
2136.175
1099.769


1482.956
2082.093
1496.032
2628.255
1271.247
2554.175
1265.760
1138.165
1248.531
1014.854
1331.021


1902.698
1637.521
1390.117
1116.390
920.268
1383.656
2156.894
2372.281
1079.887
1121.031
1096.039


