863.978
733.680
781.092
820.561
1000.344
940.918
729.250
1033.063
700.633
644.200
977.175


859.348
955.567
958.020
815.433
627.276
1515.935
1157.588
924.433
907.173
944.856
593.000


1242.337
1255.677
626.794
676.074
781.773
668.827
701.274
748.643
586.821
792.283
558.630


932.935
1422.610
665.309
951.926
1800.663
2653.979
1034.116
962.340
1013.838
909.163
982.186


927.065
815.582
1141.625
778.714
952.948
651.011
920.573
912.906
1621.710
1605.937
923.773


1120.272
1429.711
674.134
1035.062
691.412
1030.862
1142.989
867.418
730.558
724.177
634.556


1011.670
854.438
662.208
747.680
764.337
933.927
745.361
1021.462
705.755
698.816
793.717


1453.817
1083.837
3598.413
2426.854
880.979
1056.158
941.156
956.927
957.784
856.368
730.759


1874.088
1138.629
1351.663
1706.500
938.853
1132.113
1395.102
1071.198
1256.097
895.051
1469.137


1181.889
1586.357
1037.847
1515.402
1144.705
1368.421
1166.739
826.714
1115.750
1161.865
1009.600


923.593
1151.489
1529.758
1376.845
999.227
1006.773
1435.354
999.031
1081.423
1106.393
1429.519


5814.180
2066.916
1181.320
1588.792
1150.990
1214.086
1131.292
834.302
1017.917
1223.691
1732.106


1335.429
1151.207
2136.811
1217.198
1692.194
939.924
1045.516
1285.646
1681.062
1171.344
1093.414


2984.333
1903.277
1197.663
1573.433
1750.206
1645.454
1606.917
2595.337
2515.057
1560.010
1221.492


2080.868
2393.742
2543.031
1946.914
1324.684
2246.747
1372.521
1644.381
1164.691
1227.526
2098.481
