931.433
2574.699
980.051
903.699
794.758
767.577
750.608
559.371
556.562
592.271
569.292


1306.605
639.969
1274.245
1594.583
808.833
883.515
651.344
733.093
730.968
884.531
617.339


1280.682
1053.242
1132.837
1448.290
959.619
829.351
774.305
1180.804
950.714
963.677
712.421


1638.300
1517.635
1698.958
1460.810
1397.567
1512.138
1039.372
1032.000
824.845
911.701
807.444


1138.689
1820.896
1114.250
1284.917
1476.433
1499.588
1610.308
1028.845
1198.302
1060.526
1351.868


1223.303
1290.656
1698.814
1874.379
1002.804
1665.537
891.258
1017.968
1072.525
964.536
1198.837


2188.167
2009.689
1464.392
1180.520
1320.258
1356.130
1246.542
1434.610
1068.990
1215.807
1546.800


2651.322
1086.511
1136.104
1421.979
2238.822
1324.000
1255.753
1342.448
1230.173
1635.781
2592.719


1281.167
1378.135
1408.490
1642.031
1079.835
1198.531
1958.074
1505.594
1472.330
1502.505
1199.167


1477.865
3033.656
1937.979
1418.281
2024.650
1260.510
2005.542
3625.500
2234.558
1467.093
1976.400


1282.411
3793.656
3193.660
1952.516
3716.149
2483.505
2516.979
3701.170
1709.753
1386.516
4233.434


2343.333
2515.361
1536.825
1840.660
2766.469
1961.536
2156.188
2198.979
13341.536
2496.585
2340.625


4176.523
2856.833
2050.392
4119.404
2323.573
2666.021
2923.979
1954.598
1869.412
2992.417
2312.192


2414.220
3110.760
3559.424
4586.433
3300.579
2891.365
2579.598
2161.094
1960.104
3622.702
3103.564


4299.632
3660.500
4400.694
3459.362
2025.750
2625.674
3927.232
2886.128
3241.677
2993.312
2786.764


8778.244
4400.191
20126.084
2668.833
9174.200
19470.549
3273.812
3100.135
3361.170
3383.479
1525.685


4255.932
5541.938
5651.330
3900.357
3159.479
4571.083
5753.167
4081.938
3794.602
3553.811
2838.870


5084.967
4706.776
8412.979
6445.737
4615.766
4489.333
5682.779
6260.897
4491.792
3911.667
4554.491


6084.121
6887.293
6958.204
8839.674
7871.917
5165.830
4942.258
6902.819
5122.446
5177.165
4672.812


43773.434
6871.827
4822.688
5663.875
10491.949
12122.136
8109.260
14410.212
38312.941
6437.659
5608.233


6738.972
5003.500
10509.900
7139.745
5356.052
5416.781
34202.348
18984.740
10219.842
7433.274
20678.521


10850.771
6866.263
5403.000
6506.062
6621.816
5413.891
5965.495
6192.086
5649.094
6174.010
5205.633


9539.259
8970.631
9958.293
8813.191
20454.959
14007.537
8474.030
7831.823
7712.631
13040.789
8467.098


13780.967
14340.268
11600.208
18386.369
8255.705
10665.140
9484.670
11738.333
9489.592
19972.393
12932.300


9245.648
17206.840
12193.625
11265.208
13099.170
9996.842
10229.158
13173.319
10129.435
11141.102
9380.423


19087.477
11037.816
14214.688
10810.805
10861.083
12430.937
8880.792
13619.167
13483.872
13844.341
22331.551


27602.324
18012.834
10358.442
11221.126
11823.146
12231.406
124560.984
117252.828
12078.896
18908.811
10319.492


16289.570
13041.767
18866.484
16410.547
10652.054
10115.652
12984.234
17772.977
15822.979
32506.439
20722.816


12965.341
23164.547
12124.886
15152.396
14336.969
10493.021
18902.041
20222.479
10895.073
22361.750
13041.763


17791.750
20741.248
30406.816
29370.938
13780.719
56926.309
14251.907
11478.361
10649.181
18435.322
15387.123


